File: C:\MED-PC IV\DATA\!2018-02-28_12h40m.Subject M331


Start Date: 02/28/18
End Date: 02/28/18
Subject: M331
Experiment: DOBLE_PICO_DEMORA
Group: EXP
Box: 1
Start Time: 12:40:48
End Time: 13:51:26
MSN: IF_MULTIPLE_PICO
A:     774.000
B:      19.000
D:      19.000
I:       2.000
J:   18000.000
K:    6000.000
M:     120.000
N:      22.000
O:      22.000
P:     482.000
Q:       0.000
T:    1000.000
U:       0.000
V:       0.000
W:       0.000
Z:       0.000
C:
     0:        0.120        0.120        0.510        4.120       26.120
     5:       28.120       32.120       37.120       44.120       52.120
    10:       54.120       61.120       64.120       74.120       76.120
    15:      104.120      112.120      113.120      114.120      133.120
    20:      135.120      146.110      506.110      512.120      531.120
    25:      561.110      564.110      567.110      575.110      578.120
    30:      592.120      596.120      598.120      607.110      607.210
    35:      611.120      637.120      638.120      657.310      670.120
    40:      671.120      673.120      676.120      678.120      736.120
    45:      757.500      773.120      799.120      803.120      805.120
    50:      808.120      813.120      815.120      837.120      839.120
    55:      843.120      853.120      855.120      860.120      876.120
    60:      878.120      884.120      886.120      887.120      915.120
    65:      917.120      987.120      995.120      996.120      997.120
    70:      999.120     1001.120     1002.120     1004.120     1006.120
    75:     1008.120     1078.120     1117.120     1148.120     1152.120
    80:     1174.120     1205.100     1209.100     1213.120     1228.100
    85:     1262.100     1272.100     1276.100     1282.120     1313.100
    90:     1322.100     1324.100     1327.100     1331.120     1357.100
    95:     1362.100     1362.200     1367.120     1394.120     1412.300
   100:     1512.510     1646.120     1649.120     1651.120     1668.120
   105:     1706.120     1842.120     1926.110     1944.120     1946.120
   110:     1950.120     1951.120     1971.110     1975.110     2025.110
   115:     2046.110     2062.110     2064.110     2074.120     2090.120
   120:     2096.110     2102.110     2105.110     2115.120     2130.120
   125:     2141.110     2141.210     2145.120     2169.120     2171.120
   130:     2172.120     2190.120     2191.310     2246.120     2265.120
   135:     2266.120     2291.500     2327.120     2331.120     2333.120
   140:     2344.120     2348.120     2349.120     2350.120     2351.120
   145:     2366.120     2368.120     2372.120     2385.120     2387.120
   150:     2435.120     2464.120     2478.120     2490.100     2615.100
   155:     2621.100     2624.100     2632.100     2637.120     2654.100
   160:     2659.100     2662.100     2671.100     2678.100     2684.100
   165:     2686.100     2689.100     2699.100     2705.100     2713.120
   170:     2763.100     2772.100     2776.100     2784.120     2791.100
   175:     2793.100     2804.100     2811.100     2813.100     2820.100
   180:     2830.100     2838.120     2866.100     2875.100     2884.100
   185:     2887.100     2900.100     2900.200     2906.120     2950.300
   190:     2955.120     2966.120     2968.120     2969.120     2974.120
   195:     2989.120     3033.120     3050.510     3089.120     3113.120
   200:     3188.120     3190.120     3192.120     3196.120     3198.120
   205:     3209.120     3246.120     3247.120     3268.120     3269.120
   210:     3271.120     3274.120     3276.120     3278.120     3280.120
   215:     3288.120     3335.110     3346.110     3361.120     3374.110
   220:     3380.110     3404.110     3416.120     3417.120     3418.120
   225:     3419.120     3419.120     3452.110     3458.110     3540.110
   230:     3544.110     3545.110     3552.110     3557.120     3580.110
   235:     3584.110     3598.110     3614.120     3619.120     3642.110
   240:     3647.110     3650.110     3672.110     3672.210     3676.120
   245:     3722.310     3738.120     3740.120     3743.120     3760.120
   250:     3764.120     3782.120     3812.120     3822.540     3824.120
   255:     3864.120     3876.120     3879.120     3880.120     3887.120
   260:     3888.120     3892.120     3893.120     3893.120     3895.120
   265:     3901.120     3918.120     3919.120     3933.120     3946.120
   270:     3954.120     3956.120     3965.120     3978.120     3993.140
   275:     3993.110     4005.140     4005.110     4010.120     4012.120
   280:     4013.120     4015.120     4028.120     4029.120     4038.120
   285:     4039.120     4044.120     4088.120     4117.120     4125.140
   290:     4125.110     4135.140     4135.110     4175.140     4175.110
   295:     4177.140     4177.110     4181.140     4181.110     4187.140
   300:     4187.110     4196.120     4211.140     4211.110     4218.140
   305:     4218.110     4264.140     4264.110     4271.140     4271.110
   310:     4273.140     4273.110     4334.140     4334.110     4341.140
   315:     4341.110     4349.140     4349.110     4352.140     4352.110
   320:     4359.140     4359.110     4361.140     4361.110     4378.140
   325:     4378.110     4386.140     4386.110     4397.120     4402.120
   330:     4406.120     4416.140     4416.110     4423.140     4423.110
   335:     4436.120     4459.140     4459.110     4462.140     4462.110
   340:     4486.140     4486.110     4492.140     4492.110     4495.140
   345:     4495.110     4500.140     4500.110     4511.120     4514.120
   350:     4516.120     4535.120     4537.120     4545.140     4545.110
   355:     4547.140     4547.110     4551.120     4585.140     4585.110
   360:     4595.140     4595.110     4633.140     4633.110     4636.140
   365:     4636.110     4643.120     4685.140     4685.110     4694.140
   370:     4694.110     4702.120     4726.140     4726.110     4728.140
   375:     4728.110     4784.140     4784.110     4803.140     4803.110
   380:     4806.140     4806.110     4825.140     4825.110     4839.140
   385:     4839.110     4848.140     4848.110     4888.140     4888.110
   390:     4890.140     4890.110     4897.120     4919.140     4919.110
   395:     4924.140     4924.110     4927.140     4927.110     4948.140
   400:     4948.110     4957.140     4957.110     4961.120     5005.140
   405:     5005.110     5030.140     5030.110     5037.140     5037.110
   410:     5048.140     5048.110     5059.120     5094.140     5094.110
   415:     5098.140     5098.110     5102.140     5102.110     5106.120
   420:     5147.120     5156.140     5156.110     5163.140     5163.110
   425:     5202.120     5266.140     5266.110     5277.120     5279.120
   430:     5285.120     5300.120     5315.120     5327.120     5347.120
   435:     5354.140     5354.110     5359.140     5359.110     5365.120
   440:     5394.140     5394.110     5396.140     5396.110     5403.140
   445:     5403.110     5405.140     5405.110     5410.120     5426.120
   450:     5428.120     5429.120     5429.120     5430.120     5441.120
   455:     5452.120     5453.120     5455.120     5477.140     5477.110
   460:     5484.140     5484.110     5491.140     5491.110     5494.140
   465:     5494.110     5495.120     5528.140     5528.110     5530.140
   470:     5530.110     5566.120     5574.140     5574.110     5589.120
   475:     5611.120     5612.120     5622.340     5629.120     5639.120
   480:     5648.120     5650.120     5687.120     5692.120     5722.500
   485:     5726.120     5730.120     5730.120     5817.120     5826.120
   490:     5828.120     5830.120     5835.120     5837.120     5843.120
   495:     5915.120     5950.120     5962.120     5966.120     5971.120
   500:     5980.120     5984.120     5986.120     5988.120     5989.120
   505:     5990.120     6026.100     6071.100     6082.100     6141.100
   510:     6150.100     6155.120     6171.100     6175.100     6178.100
   515:     6181.100     6185.100     6190.100     6203.100     6213.120
   520:     6222.100     6226.100     6228.100     6234.100     6241.100
   525:     6242.100     6245.100     6248.100     6251.100     6261.100
   530:     6267.100     6294.100     6304.100     6306.100     6312.120
   535:     6325.100     6325.200     6330.120     6356.120     6357.120
   540:     6375.300     6386.120     6394.120     6405.120     6440.120
   545:     6468.120     6475.510     6480.120     6481.120     6523.120
   550:     6528.120     6554.120     6560.120     6562.120     6590.120
   555:     6591.120     6633.120     6635.120     6685.120     6703.120
   560:     6704.120     6711.120     6712.120     6715.120     6716.120
   565:     6722.120     6738.120     6739.120     6739.120     6747.120
   570:     6751.120     6765.120     6789.120     6794.120     6804.120
   575:     6807.120     6810.120     6817.120     6818.120     6838.110
   580:     6865.120     6879.120     6880.120     6907.120     6913.120
   585:     6915.120     6922.120     6928.120     6930.120     6939.120
   590:     6945.120     6952.120     6974.120     6980.120     6989.120
   595:     6991.120     6992.120     7012.120     7014.120     7016.120
   600:     7018.120     7026.120     7037.120     7039.120     7057.120
   605:     7059.120     7061.120     7063.120     7136.120     7138.120
   610:     7140.120     7153.120     7236.110     7236.210     7239.120
   615:     7266.120     7280.120     7286.120     7286.310     7287.120
   620:     7289.120     7293.120     7299.120     7349.120     7366.120
   625:     7386.500     7387.120     7424.120     7427.120     7428.120
   630:     7436.120     7466.120     7468.120     7476.120     7479.120
   635:     7482.120     7485.120     7559.120     7570.120     7570.120
   640:     7571.120     7574.120     7576.120     7577.120     7584.120
   645:     7596.120     7639.120     7706.120     7722.120     7756.120
   650:     7788.100     7798.100     7820.100     7824.100     7833.120
   655:     7843.120     7848.120     7942.100     7954.100     7960.100
   660:     7966.100     7967.100     7973.120     7975.120     7986.100
   665:     7990.100     7990.200     7996.120     8021.120     8026.120
   670:     8028.120     8034.120     8036.120     8040.300     8060.120
   675:     8092.120     8112.120     8140.500     8211.120     8212.120
   680:     8215.120     8227.120     8236.120     8243.120     8244.120
   685:     8247.120     8261.120     8262.120     8491.100     8500.120
   690:     8514.100     8522.100     8525.100     8535.120     8565.120
   695:     8567.120     8569.120     8571.120     8579.100     8587.100
   700:     8640.100     8652.100     8657.100     8659.100     8668.100
   705:     8675.100     8682.120     8696.100     8701.100     8706.100
   710:     8717.100     8733.100     8735.100     8744.100     8744.200
   715:     8750.120     8794.300     8796.120     8797.120     8799.120
   720:     8848.120     8877.120     8894.510     8913.120     8921.120
   725:     8923.120     8928.120     8930.120     8943.120     8944.120
   730:     8952.120     8953.120     8956.120     8964.120     8968.120
   735:     9044.120     9076.120     9080.120     9082.120     9084.120
   740:     9154.120     9159.120     9160.120     9167.120     9172.120
   745:     9172.120     9173.120     9201.120     9204.120     9205.120
   750:     9269.110     9289.120     9295.120     9397.110     9450.120
   755:     9451.120     9466.110     9471.110     9479.110     9493.120
   760:     9526.110     9526.210     9529.120     9558.120     9576.310
   765:     9584.120     9586.120     9588.120     9612.120     9643.120
   770:     9646.120     9655.120     9676.500     9677.120     9805.120
   775:     9819.120     9821.120     9838.120     9844.120     9846.120
   780:     9941.120    10022.100    10035.100    10036.100    10042.120
   785:    10051.120    10054.120    10063.100    10068.100    10075.100
   790:    10113.100    10120.100    10126.100    10135.100    10141.100
   795:    10147.120    10162.100    10170.100    10174.100    10181.100
   800:    10185.100    10187.100    10196.100    10214.100    10218.100
   805:    10223.100    10229.100    10231.100    10234.100    10238.120
   810:    10252.100    10255.100    10270.100    10278.100    10278.200
   815:    10286.120    10325.120    10328.300    10330.120    10418.120
   820:    10428.510    10509.120    10511.120    10581.120    10597.120
   825:    10599.120    10603.120    10619.120    10620.120    10800.110
   830:    10822.120    10824.120    10824.120    10827.120    10827.120
   835:    10831.120    10832.120    10834.120    10836.120    10911.120
   840:    10913.120    10916.120    10918.120    10924.120    10926.120
   845:    10927.120    10974.120    10976.120    11022.120    11024.120
   850:    11025.120    11027.120    11072.120    11074.120    11074.120
   855:    11076.120    11083.120    11092.120    11146.110    11146.210
   860:    11149.120    11175.120    11191.120    11193.120    11196.310
   865:    11203.120    11260.120    11296.500    11361.120    11363.120
   870:    11374.120    11392.120    11399.120    11414.120    11441.120
   875:    11443.120    11445.120    11519.120    11570.120    11585.120
   880:    11588.120    11591.120    11623.120    11645.100    11657.100
   885:    11683.120    11694.100    11710.120    11717.120    11725.120
   890:    11744.120    11748.120    11750.120    11752.120    11754.120
   895:    11764.100    11774.100    11784.100    11794.120    11797.120
   900:    11798.120    11809.120    11820.100    11834.120    11859.120
   905:    11878.100    11894.100    11898.100    11898.200    11905.120
   910:    11948.300    12048.530    12059.120    12060.120    12129.120
   915:    12130.120    12132.120    12133.120    12146.120    12148.120
   920:    12215.120    12225.120    12234.130    12234.100    12253.120
   925:    12254.120    12264.120    12271.120    12272.120    12276.120
   930:    12286.120    12288.120    12290.120    12292.120    12296.120
   935:    12301.120    12302.120    12317.120    12319.120    12339.120
   940:    12343.120    12371.120    12373.120    12375.120    12381.120
   945:    12463.120    12545.120    12642.130    12642.100    12652.130
   950:    12652.100    12705.130    12705.100    12730.130    12730.100
   955:    12743.130    12743.100    12748.120    12769.130    12769.100
   960:    12786.130    12786.100    12789.130    12789.100    12799.130
   965:    12799.100    12811.130    12811.100    12816.130    12816.100
   970:    12824.130    12824.100    12827.130    12827.100    12839.120
   975:    12864.130    12864.100    12880.120    12900.130    12900.100
   980:    12911.130    12911.100    12916.130    12916.100    12918.130
   985:    12918.100    12921.130    12921.100    12927.120    12938.120
   990:    12955.130    12955.100    12959.130    12959.100    12963.130
   995:    12963.100    12966.130    12966.100    12971.130    12971.100
  1000:    12992.130    12992.100    12997.130    12997.100    12999.130
  1005:    12999.100    13030.130    13030.100    13034.130    13034.100
  1010:    13048.130    13048.100    13052.130    13052.100    13053.130
  1015:    13053.100    13055.130    13055.100    13065.120    13076.120
  1020:    13090.130    13090.100    13096.130    13096.100    13110.130
  1025:    13110.100    13128.130    13128.100    13132.130    13132.100
  1030:    13142.130    13142.100    13146.130    13146.100    13213.130
  1035:    13213.100    13227.130    13227.100    13234.120    13251.120
  1040:    13263.130    13263.100    13267.130    13267.100    13279.120
  1045:    13324.130    13324.100    13340.130    13340.100    13346.130
  1050:    13346.100    13352.130    13352.100    13405.130    13405.100
  1055:    13414.130    13414.100    13416.130    13416.100    13421.130
  1060:    13421.100    13424.130    13424.100    13428.120    13450.130
  1065:    13450.100    13455.130    13455.100    13461.130    13461.100
  1070:    13464.130    13464.100    13465.130    13465.100    13471.120
  1075:    13516.130    13516.100    13524.120    13538.130    13538.100
  1080:    13546.130    13546.100    13601.130    13601.100    13607.130
  1085:    13607.100    13618.130    13618.100    13621.130    13621.100
  1090:    13627.120    13631.120    13646.120    13647.120    13653.120
  1095:    13672.120    13673.120    13674.120    13699.120    13705.120
  1100:    13734.130    13734.100    13744.130    13744.100    13750.130
  1105:    13750.100    13754.130    13754.100    13758.130    13758.100
  1110:    13761.130    13761.100    13783.130    13783.100    13798.120
  1115:    13809.120    13848.330    13857.120    13859.120    13864.120
  1120:    13871.120    13878.120    13885.120    13888.120    13891.120
  1125:    13907.120    13913.120    13914.120    13916.120    13917.120
  1130:    13919.120    13928.120    13930.120    13940.120    13941.120
  1135:    13948.510    13960.120    13962.120    13963.120    14022.120
  1140:    14081.120    14081.120    14087.120    14105.120    14107.120
  1145:    14110.120    14120.120    14139.120    14140.120    14140.120
  1150:    14153.120    14161.120    14163.120    14184.120    14189.120
  1155:    14233.120    14242.120    14244.120    14246.120    14326.120
  1160:    14341.110    14345.110    14355.120    14358.120    14360.120
  1165:    14374.110    14495.110    14502.110    14507.120    14521.110
  1170:    14526.110    14574.110    14574.210    14578.120    14605.120
  1175:    14624.310    14667.120    14688.120    14696.120    14697.120
  1180:    14704.120    14710.120    14724.510    14727.120    14743.120
  1185:    14749.120    14757.120    14759.120    14789.120    14793.120
  1190:    14794.120    14795.120    14796.120    14800.120    14822.120
  1195:    14838.120    14840.120    14862.120    14864.120    14866.120
  1200:    15181.110    15220.110    15227.120    15235.110    15242.120
  1205:    15254.120    15266.110    15270.110    15279.120    15280.120
  1210:    15283.120    15285.120    15363.110    15363.210    15368.120
  1215:    15413.310    15424.120    15425.120    15427.120    15429.120
  1220:    15471.120    15495.120    15513.500    15581.120    15582.120
  1225:    15585.120    15587.120    15602.120    15620.120    15630.100
  1230:    15769.100    16123.100    16123.200    16128.120    16167.120
  1235:    16168.120    16173.300    16238.120    16240.120    16243.120
  1240:    16249.120    16256.120    16259.120    16273.510    16301.120
  1245:    16533.110    16540.110    16603.110    16641.110    16697.110
  1250:    16704.110    16707.110    16717.110    16723.120    16729.110
  1255:    16751.110    16762.120    16766.120    16776.110    16780.110
  1260:    16785.110    16832.110    16899.110    16899.210    16902.120
  1265:    16939.120    16940.120    16949.310    16956.120    17027.120
  1270:    17049.500    17060.120    17066.100    17208.100    17256.100
  1275:    17269.100    17452.100    17463.100    17468.100    17475.120
  1280:    17516.100    17526.100    17533.120    17551.100    17564.100
  1285:    17574.120    17591.100    17598.120    17611.100    17621.100
  1290:    17628.100    17631.100    17640.100    17645.100    17648.100
  1295:    17672.100    17672.200    17677.120    17715.120    17720.120
  1300:    17722.300    17741.120    17742.120    17742.120    17744.120
  1305:    17753.120    17755.120    17757.120    17777.120    17800.120
  1310:    17822.510    17828.120    17847.120    17883.120    17900.120
  1315:    17925.120    17984.120    17995.120    18121.110    18170.120
  1320:    18173.120    18174.120    18177.120    18178.120    18185.120
  1325:    18188.120    18193.120    18210.120    18217.120    18221.120
  1330:    18344.120    18346.120    18348.120    18350.120    18352.120
  1335:    18358.120    18360.120    18362.120    18428.120    18430.120
  1340:    18432.120    18439.120    18490.120    18492.120    18492.120
  1345:    18497.120    18523.120    18527.120    18530.120    18549.120
  1350:    18586.120    18604.120    18604.120    18619.120    18621.120
  1355:    18630.120    18632.120    18653.120    18655.120    18656.120
  1360:    18666.120    18698.110    18698.210    18702.120    18748.310
  1365:    18764.120    18774.120    18810.120    18813.120    18814.120
  1370:    18821.120    18824.120    18840.120    18840.120    18841.120
  1375:    18848.500    18853.120    18893.120    18899.120    18905.120
  1380:    18914.120    18922.120    18934.120    18969.120    19025.120
  1385:    19037.120    19039.120    19041.120    19194.100    19204.100
  1390:    19207.100    19219.100    19223.100    19233.100    19238.100
  1395:    19244.100    19250.120    19292.100    19300.100    19309.100
  1400:    19311.100    19314.100    19320.100    19330.100    19337.120
  1405:    19348.100    19351.100    19362.100    19377.100    19380.100
  1410:    19385.100    19388.100    19394.100    19401.100    19407.100
  1415:    19412.100    19417.100    19430.100    19434.100    19437.100
  1420:    19442.100    19453.120    19507.100    19507.200    19513.120
  1425:    19545.120    19557.300    19560.120    19562.120    19567.120
  1430:    19568.120    19571.120    19574.120    19576.120    19578.120
  1435:    19580.120    19657.510    19699.120    19705.120    19706.120
  1440:    19710.120    19726.120    19729.120    19735.120    19746.120
  1445:    19749.120    19760.120    19761.120    19764.120    19771.120
  1450:    19772.120    19778.120    19811.120    19904.120    19906.120
  1455:    19938.120    19940.120    19954.120    19955.120    19961.120
  1460:    19964.120    20018.120    20020.120    20036.120    20038.120
  1465:    20060.120    20062.120    20078.120    20079.120    20104.110
  1470:    20111.120    20121.110    20133.110    20143.110    20148.120
  1475:    20164.110    20168.110    20171.110    20196.110    20201.120
  1480:    20264.110    20264.210    20268.120    20297.120    20305.120
  1485:    20306.120    20308.120    20314.310    20322.120    20323.120
  1490:    20332.120    20398.120    20414.510    20619.110    20673.110
  1495:    20737.110    20748.110    20775.110    20780.120    20787.110
  1500:    20805.120    20858.110    20869.110    20885.120    20886.120
  1505:    20936.110    20971.110    20978.110    20984.110    21021.110
  1510:    21021.210    21024.120    21056.120    21057.120    21070.120
  1515:    21071.310    21081.120    21086.120    21092.120    21092.120
  1520:    21093.120    21133.120    21144.120    21171.500    21332.100
  1525:    21412.120    21414.120    21426.120    21444.100    21470.100
  1530:    21481.120    21492.120    21494.120    21507.100    21516.100
  1535:    21524.100    21530.120    21546.120    21547.120    21560.120
  1540:    21561.120    21568.100    21596.100    21602.100    21610.100
  1545:    21634.100    21646.100    21649.100    21651.100    21655.100
  1550:    21661.100    21665.100    21669.120    21679.100    21685.100
  1555:    21687.100    21693.100    21699.120    21699.100    21705.120
  1560:    21839.100    21839.200    21846.120    21879.120    21889.300
  1565:    21894.120    21899.120    21902.120    21905.120    21921.120
  1570:    21922.120    21927.120    21933.120    21960.120    21961.120
  1575:    21965.120    21989.510    22262.110    22269.110    22276.120
  1580:    22285.110    22291.110    22294.110    22317.110    22324.110
  1585:    22327.110    22331.120    22366.110    22385.110    22392.120
  1590:    22417.110    22419.110    22425.110    22442.110    22445.110
  1595:    22462.110    22466.110    22527.110    22536.110    22541.120
  1600:    22555.110    22560.110    22566.110    22574.120    22593.110
  1605:    22593.210    22597.120    22633.120    22643.310    22652.120
  1610:    22743.500    22871.120    22872.120    23102.120    23127.100
  1615:    23162.100    23171.100    23190.100    23194.100    23197.100
  1620:    23201.100    23223.100    23232.100    23242.120    23252.100
  1625:    23258.100    23260.100    23262.100    23264.100    23271.100
  1630:    23283.100    23286.100    23292.100    23301.100    23309.100
  1635:    23314.100    23320.120    23330.100    23333.100    23336.100
  1640:    23343.120    23355.100    23355.200    23361.120    23405.300
  1645:    23411.120    23505.500    23856.120    23858.120    23860.120
  1650:    23862.120    23904.120    23912.120    23917.120    23919.120
  1655:    23919.120    23921.120    23928.120    23930.120    23983.120
  1660:    24041.120    24042.120    24090.120    24117.120    24157.120
  1665:    24166.100    24166.200    24171.120    24216.300    24241.120
  1670:    24316.510    24346.120    24362.120    24372.120    24395.120
  1675:    24401.120    24421.120    24423.120    24437.120    24441.120
  1680:    24442.120    24447.120    24451.120    24453.120    24471.120
  1685:    24473.120    24503.120    24504.120    24509.120    24516.120
  1690:    24560.120    24561.120    24563.120    24582.120    24594.120
  1695:    24597.120    24598.120    24618.120    24619.120    24637.120
  1700:    24674.120    24710.110    24724.120    24727.120    24728.120
  1705:    24736.120    24757.110    24787.110    24795.120    24796.120
  1710:    24814.110    24822.110    24831.120    24839.120    24860.110
  1715:    24865.110    24900.120    24908.110    24913.110    24919.110
  1720:    24919.210    24922.120    24965.120    24969.310    25007.120
  1725:    25010.120    25015.120    25016.120    25019.120    25020.120
  1730:    25021.120    25051.120    25054.120    25058.120    25060.120
  1735:    25064.120    25069.510    25077.120    25263.110    25267.120
  1740:    25430.110    25439.110    25442.120    25444.120    25457.110
  1745:    25460.110    25504.110    25515.110    25535.110    25576.110
  1750:    25595.120    25633.110    25639.110    25650.110    25690.110
  1755:    25690.210    25694.120    25722.120    25725.120    25726.120
  1760:    25727.120    25740.310    25840.500    25976.100    26047.100
  1765:    26247.100    26309.100    26319.100    26323.100    26329.120
  1770:    26343.100    26357.100    26360.100    26365.100    26373.120
  1775:    26384.100    26388.100    26396.100    26400.100    26402.100
  1780:    26405.100    26411.120    26420.100    26429.100    26434.100
  1785:    26438.100    26451.100    26451.200    26456.120    26489.120
  1790:    26501.300    26601.510    26975.110    26978.120    26990.110
  1795:    27010.110    27049.110    27056.110    27127.110    27130.110
  1800:    27134.110    27139.120    27152.120    27167.110    27172.120
  1805:    27184.120    27200.110    27208.120    27213.120    27215.120
  1810:    27229.120    27257.120    27260.120    27276.120    27284.120
  1815:    27285.120    27294.120    27304.120    27306.120    27332.120
  1820:    27347.120    27366.120    27366.120    27373.120    27377.120
  1825:    27379.120    27444.120    27444.120    27467.120    27469.120
  1830:    27516.120    27530.120    27577.120    27604.120    27613.120
  1835:    27683.110    27683.210    27686.120    27716.120    27721.120
  1840:    27733.310    27761.120    27766.120    27766.120    27767.120
  1845:    27768.120    27786.120    27787.120    27800.120    27803.120
  1850:    27823.120    27833.500    27852.100    27879.100    27918.120
  1855:    28058.100    28076.120    28094.100    28274.100    28281.100
  1860:    28297.120    28303.120    28309.100    28321.100    28333.120
  1865:    28338.120    28345.100    28353.100    28355.100    28366.100
  1870:    28376.120    28392.100    28394.100    28397.100    28401.100
  1875:    28416.100    28419.100    28426.120    28439.100    28439.200
  1880:    28444.120    28483.120    28488.120    28489.300    28567.120
  1885:    28589.540    28874.140    28874.110    28884.120    29063.140
  1890:    29063.110    29072.140    29072.110    29141.140    29141.110
  1895:    29147.120    29148.120    29149.120    29155.140    29155.110
  1900:    29167.140    29167.110    29171.140    29171.110    29186.140
  1905:    29186.110    29200.140    29200.110    29204.120    29217.120
  1910:    29230.140    29230.110    29235.140    29235.110    29239.140
  1915:    29239.110    29246.140    29246.110    29255.120    29269.140
  1920:    29269.110    29273.140    29273.110    29278.140    29278.110
  1925:    29284.140    29284.110    29300.140    29300.110    29321.140
  1930:    29321.110    29334.140    29334.110    29336.140    29336.110
  1935:    29361.120    29367.140    29367.110    29371.140    29371.110
  1940:    29376.140    29376.110    29380.120    29402.140    29402.110
  1945:    29411.140    29411.110    29417.140    29417.110    29425.140
  1950:    29425.110    29458.120    29466.140    29466.110    29487.140
  1955:    29487.110    29553.140    29553.110    29564.120    29575.120
  1960:    29583.140    29583.110    29590.140    29590.110    29594.140
  1965:    29594.110    29603.140    29603.110    29609.140    29609.110
  1970:    29613.140    29613.110    29674.140    29674.110    29773.140
  1975:    29773.110    29824.140    29824.110    29833.140    29833.110
  1980:    29842.120    29882.140    29882.110    30068.140    30068.110
  1985:    30079.120    30096.120    30118.140    30118.110    30231.140
  1990:    30231.110    30237.120    30241.120    30385.140    30385.110
  1995:    30389.340    30489.500    30500.100    30521.120    30535.120
  2000:    30543.100    30714.100    30720.120    30765.100    30773.100
  2005:    30843.100    30981.100    30987.100    30997.120    31058.100
  2010:    31064.120    31083.100    31088.100    31097.100    31097.200
  2015:    31101.120    31133.120    31147.300    31162.120    31165.120
  2020:    31167.120    31169.120    31171.120    31247.500    31256.120
  2025:    31308.120    31358.120    31389.120    31429.120    31446.120
  2030:    31722.100    31735.100    31736.100    31746.100    31749.100
  2035:    31770.120    31780.100    31788.100    31792.100    31807.100
  2040:    31811.100    31820.100    31825.100    31826.100    31831.100
  2045:    31834.120    31847.100    31855.100    31855.200    31861.120
  2050:    31883.120    31885.120    31905.300    31936.120    31950.120
  2055:    31953.120    31966.120    31975.120    32005.510    32418.110
  2060:    32521.110    32542.120    32551.120    32552.120    32554.120
  2065:    32557.120    32564.110    32644.110    32644.210    32648.120
  2070:    32680.120    32681.120    32681.120    32682.120    32686.120
  2075:    32687.120    32694.310    32794.510    33011.110    33042.110
  2080:    33104.110    33110.110    33114.110    33130.120    33140.110
  2085:    33147.110    33156.120    33157.120    33222.110    33241.120
  2090:    33262.110    33275.120    33279.120    33298.110    33306.110
  2095:    33309.110    33321.110    33333.110    33347.110    33382.110
  2100:    33390.110    33442.110    33442.210    33446.120    33492.310
  2105:    33592.500    33606.120    33633.100    33637.100    33874.100
  2110:    33891.100    33899.100    33905.120    33917.100    33928.100
  2115:    33933.100    33948.100    33952.100    33955.100    33974.100
  2120:    33979.100    33984.120    34032.100    34065.120    34076.100
  2125:    34079.100    34084.100    34100.100    34105.100    34112.120
  2130:    34124.100    34127.100    34136.100    34142.100    34147.100
  2135:    34149.100    34160.100    34165.100    34169.100    34172.100
  2140:    34181.100    34182.100    34193.100    34193.200    34199.120
  2145:    34243.300    34316.120    34343.510    34540.110    34792.120
  2150:    34794.120    34799.110    34818.110    34843.110    34858.120
  2155:    34878.110    34901.110    34942.110    34949.110    34949.210
  2160:    34953.120    34980.120    34999.310    35000.120    35098.120
  2165:    35099.530    35121.130    35121.100    35189.130    35189.100
  2170:    35363.130    35363.100    35373.130    35373.100    35384.120
  2175:    35394.130    35394.100    35415.130    35415.100    35424.130
  2180:    35424.100    35427.130    35427.100    35431.130    35431.100
  2185:    35441.120    35452.130    35452.100    35485.130    35485.100
  2190:    35500.130    35500.100    35507.130    35507.100    35521.130
  2195:    35521.100    35529.130    35529.100    35592.120    35600.130
  2200:    35600.100    35623.130    35623.100    35638.130    35638.100
  2205:    35644.130    35644.100    35646.130    35646.100    35650.120
  2210:    35665.130    35665.100    35672.120    35684.130    35684.100
  2215:    35700.130    35700.100    35706.120    35722.130    35722.100
  2220:    35735.130    35735.100    35743.130    35743.100    35747.130
  2225:    35747.100    35761.120    35784.130    35784.100    35793.130
  2230:    35793.100    35806.130    35806.100    35810.130    35810.100
  2235:    35837.130    35837.100    35846.130    35846.100    35888.130
  2240:    35888.100    35894.120    35902.130    35902.100    35913.130
  2245:    35913.100    35917.130    35917.100    36134.130    36134.100
  2250:    36153.130    36153.100    36160.120    36182.130    36182.100
  2255:    36186.130    36186.100    36193.130    36193.100    36201.130
  2260:    36201.100    36207.120    36225.130    36225.100    36238.120
  2265:    36250.130    36250.100    36269.130    36269.100    36277.130
  2270:    36277.100    36288.120    36304.130    36304.100    36318.130
  2275:    36318.100    36323.130    36323.100    36348.130    36348.100
  2280:    36362.130    36362.100    36366.130    36366.100    36370.130
  2285:    36370.100    36371.130    36371.100    36376.130    36376.100
  2290:    36378.130    36378.100    36467.130    36467.100    36473.130
  2295:    36473.100    36481.130    36481.100    36488.130    36488.100
  2300:    36499.130    36499.100    36505.120    36526.130    36526.100
  2305:    36531.130    36531.100    36539.130    36539.100    36544.120
  2310:    36549.120    36578.130    36578.100    36592.130    36592.100
  2315:    36598.120    36629.130    36629.100    36741.130    36741.100
  2320:    36747.120    36753.130    36753.100    36827.130    36827.100
  2325:    36837.130    36837.100    36842.130    36842.100    36899.330
  2330:    36977.120    36999.540    37359.140    37359.110    37434.140
  2335:    37434.110    37439.140    37439.110    37490.140    37490.110
  2340:    37545.140    37545.110    37561.120    37579.140    37579.110
  2345:    37584.140    37584.110    37587.140    37587.110    37609.120
  2350:    37656.140    37656.110    37693.140    37693.110    37742.140
  2355:    37742.110    37755.140    37755.110    37786.140    37786.110
  2360:    37795.120    37817.140    37817.110    37826.140    37826.110
  2365:    37829.140    37829.110    37861.140    37861.110    38086.140
  2370:    38086.110    38116.140    38116.110    38120.120    38289.140
  2375:    38289.110    38387.140    38387.110    38411.140    38411.110
  2380:    38416.120    38416.120    38420.120    38430.140    38430.110
  2385:    38452.140    38452.110    38785.140    38785.110    38799.340
  2390:    38808.120    38899.500    39040.100    39051.100    39060.100
  2395:    39156.100    39166.100    39173.100    39178.100    39184.100
  2400:    39189.120    39208.100    39212.100    39216.100    39272.100
  2405:    39283.100    39289.100    39303.100    39310.120    39334.100
  2410:    39351.100    39360.120    39374.100    39393.100    39399.100
  2415:    39409.100    39475.100    39483.100    39485.100    39494.120
  2420:    39516.100    39516.200    39521.120    39548.120    39566.300
  2425:    39587.120    39657.120    39661.120    39666.530    40259.130
  2430:    40259.100    40288.130    40288.100    40315.120    40326.130
  2435:    40326.100    40333.130    40333.100    40344.130    40344.100
  2440:    40349.130    40349.100    40361.130    40361.100    40367.120
  2445:    40375.130    40375.100    40400.130    40400.100    40402.130
  2450:    40402.100    40407.130    40407.100    40415.130    40415.100
  2455:    40419.130    40419.100    40430.130    40430.100    40436.130
  2460:    40436.100    40445.130    40445.100    40450.130    40450.100
  2465:    40460.130    40460.100    40470.130    40470.100    40475.120
  2470:    40485.130    40485.100    40490.130    40490.100    40497.130
  2475:    40497.100    40504.130    40504.100    40509.130    40509.100
  2480:    40553.130    40553.100    40556.130    40556.100    40560.130
  2485:    40560.100    40575.130    40575.100    40580.130    40580.100
  2490:    40583.130    40583.100    40591.120    40599.130    40599.100
  2495:    40649.130    40649.100    40659.130    40659.100    40662.130
  2500:    40662.100    40668.130    40668.100    40669.130    40669.100
  2505:    40678.120    40704.130    40704.100    40722.130    40722.100
  2510:    40739.130    40739.100    40745.130    40745.100    40771.130
  2515:    40771.100    40776.130    40776.100    40780.120    40796.130
  2520:    40796.100    40810.130    40810.100    40819.130    40819.100
  2525:    40839.130    40839.100    40845.130    40845.100    40849.130
  2530:    40849.100    40855.120    40871.130    40871.100    41113.130
  2535:    41113.100    41132.120    41185.130    41185.100    41205.130
  2540:    41205.100    41215.120    41237.130    41237.100    41250.130
  2545:    41250.100    41271.130    41271.100    41282.130    41282.100
  2550:    41287.120    41303.130    41303.100    41327.130    41327.100
  2555:    41466.330    41476.120    41482.120    41566.510    41691.110
  2560:    41713.110    41975.110    41979.110    41991.120
E:
     0:     2564.000      628.000      394.000
F:
     0:       70.000       33.802       30.667
G:
     0:        1.000        1.000        1.000        1.000        1.000
     5:        1.000        1.000        1.000        1.000        0.000
H:
     0:        1.000        1.000        2.000        2.000
L:
R:
     0:        1.000        1.000        1.000        1.000        1.000
     5:        1.000        1.000        1.000        1.000        0.000
S:
     0:        0.000        1.000
X:
     0:        0.000      447.001      451.002      470.003      504.004
     5:      514.005      518.006      555.007      564.008      566.009
    10:      569.010      599.011      604.012      604.012      654.000
    15:      654.000      852.001      978.002      984.003      987.004
    20:      995.005     1017.006     1022.007     1024.008     1034.009
    25:     1041.010     1047.011     1048.012     1052.013     1062.014
    30:     1068.015     1126.016     1135.017     1139.018     1154.019
    35:     1156.020     1167.021     1173.022     1176.023     1182.024
    40:     1192.025     1229.026     1238.027     1247.028     1250.029
    45:     1263.030     1263.030     1313.000     1313.000     1313.151
    50:     1313.152     1313.153     1313.154     1313.155     1313.156
    55:     1313.157     1313.158     1313.159     1313.160     1313.161
    60:     1313.162     1313.163     1313.164     1313.165     1313.166
    65:     1313.167     1313.168     1313.169     1313.170     1313.171
    70:     1313.172     1313.173     1313.174     1313.175     1313.176
    75:     1313.177     1313.177     1313.000     1313.000     1714.001
    80:     1724.002     1746.003     1750.004     1868.005     1880.006
    85:     1886.007     1892.008     1893.009     1912.010     1916.011
    90:     1916.011     1966.000     1966.000     2317.001     2340.002
    95:     2347.003     2351.004     2405.005     2413.006     2465.007
   100:     2477.008     2483.009     2484.010     2493.011     2501.012
   105:     2521.013     2527.014     2531.015     2543.016     2558.017
   110:     2560.018     2569.019     2570.019     2620.000     2620.000
   115:     2965.001     2978.002     2979.003     3006.004     3012.005
   120:     3018.006     3057.007     3064.008     3069.009     3078.010
   125:     3084.011     3105.012     3113.013     3118.014     3124.015
   130:     3129.016     3130.017     3139.018     3157.019     3161.020
   135:     3166.021     3172.022     3174.023     3177.024     3195.025
   140:     3199.026     3214.027     3222.028     3222.028     3272.000
   145:     3272.000     3621.001     3632.002     3669.003     3739.004
   150:     3749.005     3760.006     3795.007     3854.008     3869.009
   155:     3873.010     3873.010     3923.000     3923.000     4108.002
   160:     4516.004     4526.006     4580.008     4605.010     4617.012
   165:     4644.014     4660.016     4664.018     4673.020     4685.022
   170:     4690.024     4698.026     4702.028     4738.030     4774.032
   175:     4786.034     4790.036     4792.038     4795.040     4830.042
   180:     4834.044     4837.046     4840.048     4845.050     4866.052
   185:     4871.054     4874.056     4904.058     4908.060     4922.062
   190:     4926.064     4928.066     4929.068     4965.070     4970.072
   195:     4985.074     5003.076     5006.078     5017.080     5021.082
   200:     5087.084     5102.086     5137.088     5142.090     5199.092
   205:     5214.094     5221.096     5227.098     5279.100     5288.102
   210:     5291.104     5296.106     5298.108     5325.110     5329.112
   215:     5335.114     5338.116     5339.118     5390.120     5412.122
   220:     5420.124     5476.126     5481.128     5493.130     5495.132
   225:     5608.134     5619.136     5625.138     5629.140     5633.142
   230:     5635.144     5658.146     7505.001     7643.002     7997.003
   235:     7997.003     8047.000     8047.000     8064.001     8206.002
   240:     8254.003     8267.004     8450.005     8461.006     8466.007
   245:     8514.008     8524.009     8549.010     8562.011     8589.012
   250:     8609.013     8619.014     8626.015     8629.016     8638.017
   255:     8643.018     8646.019     8670.020     8670.020     8720.000
   260:     8720.000     9065.001     9075.002     9079.003     9091.004
   265:     9094.005     9104.006     9109.007     9115.008     9163.009
   270:     9171.010     9180.011     9183.012     9185.013     9191.014
   275:     9201.015     9220.016     9222.017     9233.018     9249.019
   280:     9251.020     9257.021     9260.022     9266.023     9273.024
   285:     9279.025     9283.026     9288.027     9302.028     9306.029
   290:     9308.030     9314.031     9378.032     9378.032     9428.000
   295:     9428.000     9589.001     9701.002     9727.003     9764.004
   300:     9773.005     9781.006     9825.007     9853.008     9859.009
   305:     9867.010     9891.011     9903.012     9906.013     9908.014
   310:     9912.015     9918.016     9922.017     9936.018     9942.019
   315:     9944.020     9950.021     9956.022    10095.023    10096.023
   320:    10146.000    10146.000    10529.001    10565.002    10573.003
   325:    10592.004    10596.005    10599.006    10603.007    10625.008
   330:    10634.009    10654.010    10660.011    10662.012    10664.013
   335:    10666.014    10673.015    10686.016    10688.017    10694.018
   340:    10703.019    10712.020    10716.021    10732.022    10735.023
   345:    10738.024    10757.025    10757.025    10807.000    10807.000
   350:    11467.001    11467.001    11517.000    11517.000    11652.001
   355:    11723.002    11923.003    11985.004    11995.005    12000.006
   360:    12019.007    12033.008    12036.009    12041.010    12060.011
   365:    12064.012    12072.013    12076.014    12079.015    12081.016
   370:    12096.017    12105.018    12110.019    12114.020    12127.021
   375:    12127.021    12177.000    12177.000    12195.001    12222.002
   380:    12401.003    12437.004    12617.005    12624.006    12652.007
   385:    12664.008    12689.009    12696.010    12699.011    12709.012
   390:    12735.013    12737.014    12741.015    12744.016    12760.017
   395:    12762.018    12782.019    12782.019    12832.000    12832.000
   400:    12832.093    12832.094    12832.095    12832.096    12832.097
   405:    12832.098    12832.099    12832.100    12832.101    12832.102
   410:    12832.103    12832.104    12832.104    12832.000    12832.000
   415:    12832.001    12832.002    12832.003    12832.004    12832.005
   420:    12832.006    12832.007    12832.008    12832.009    12832.010
   425:    12832.011    12832.012    12832.013    12832.014    12832.015
   430:    12832.016    12832.016    12832.000    12832.000    12872.001
   435:    12876.002    13113.003    13130.004    13138.005    13156.006
   440:    13167.007    13172.008    13187.009    13191.010    13194.011
   445:    13213.012    13218.013    13271.014    13315.015    13318.016
   450:    13323.017    13339.018    13344.019    13363.020    13366.021
   455:    13375.022    13381.023    13386.024    13388.025    13399.026
   460:    13404.027    13408.028    13411.029    13420.030    13421.031
   465:    13432.032    13432.032    13482.000    13482.000    13503.002
   470:    13571.004    13745.006    13755.008    13776.010    13797.012
   475:    13806.014    13809.016    13813.018    13834.020    13867.022
   480:    13882.024    13889.026    13903.028    13911.030    13982.032
   485:    14005.034    14020.036    14026.038    14028.040    14047.042
   490:    14066.044    14082.046    14104.048    14117.050    14125.052
   495:    14129.054    14166.056    14175.058    14188.060    14192.062
   500:    14219.064    14228.066    14270.068    14284.070    14295.072
   505:    14299.074    14516.076    14535.078    14564.080    14568.082
   510:    14575.084    14583.086    14607.088    14632.090    14651.092
   515:    14659.094    14686.096    14700.098    14705.100    14730.102
   520:    14744.104    14748.106    14752.108    14753.110    14758.112
   525:    14760.114    14849.116    14855.118    14863.120    14870.122
   530:    14881.124    14908.126    14913.128    14921.130    14960.132
   535:    14974.134    15011.136    15123.138    15135.140    15209.142
   540:    15219.144    15224.146    17422.197    17433.198    17442.199
   545:    17538.200    17548.201    17555.202    17560.203    17566.204
   550:    17590.205    17594.206    17598.207    17654.208    17665.209
   555:    17671.210    17685.211    17716.212    17733.213    17756.214
   560:    17775.215    17781.216    17791.217    17857.218    17865.219
   565:    17867.220    17898.221    17898.221    17948.000    17948.000
   570:    18540.002    18569.004    18608.006    18615.008    18625.010
   575:    18630.012    18643.014    18656.016    18682.018    18684.020
   580:    18689.022    18696.024    18700.026    18711.028    18717.030
   585:    18726.032    18731.034    18741.036    18752.038    18766.040
   590:    18771.042    18778.044    18786.046    18790.048    18835.050
   595:    18837.052    18841.054    18856.056    18861.058    18865.060
   600:    18880.062    18931.064    18940.066    18943.068    18949.070
   605:    18950.072    18985.074    19004.076    19020.078    19026.080
   610:    19052.082    19057.084    19077.086    19091.088    19101.090
   615:    19120.092    19126.094    19130.096    19152.098    19395.100
   620:    19466.102    19487.104    19518.106    19532.108    19552.110
   625:    19563.112    19585.114    19609.116
Y:
     0:        0.000      146.001      506.002      561.003      564.004
     5:      566.005      575.006      607.007      607.007      657.000
    10:      657.000     1070.001     1115.002     1119.003     1169.004
    15:     1191.005     1207.006     1209.007     1241.008     1247.009
    20:     1249.010     1285.011     1285.011     1335.000     1335.000
    25:     1619.001     1630.002     1658.003     1664.004     1688.005
    30:     1736.006     1742.007     1824.008     1828.009     1829.010
    35:     1836.011     1864.012     1868.013     1882.014     1926.015
    40:     1931.016     1934.017     1956.018     1956.018     2006.000
    45:     2006.000     2177.002     2189.004     2309.006     2319.008
    50:     2358.010     2360.012     2365.014     2371.016     2394.018
    55:     2402.020     2447.022     2455.024     2457.026     2518.028
    60:     2525.030     2533.032     2536.034     2542.036     2544.038
    65:     2562.040     2569.042     2600.044     2607.046     2643.048
    70:     2645.050     2669.052     2675.054     2679.056     2684.058
    75:     2729.060     2731.062     2769.064     2778.066     2817.068
    80:     2820.070     2869.072     2878.074     2909.076     2912.078
    85:     2967.080     2987.082     2990.084     3009.086     3023.088
    90:     3032.090     3072.092     3074.094     3103.096     3108.098
    95:     3110.100     3132.102     3140.104     3188.106     3214.108
   100:     3221.110     3232.112     3278.114     3281.116     3285.118
   105:     3340.120     3347.122     3450.124     3538.126     3543.128
   110:     3577.130     3580.132     3586.134     3588.136     3660.138
   115:     3668.140     3675.142     3678.144     3711.146     3714.148
   120:     3758.150     5021.001     5420.002     5420.002     5470.000
   125:     5470.000     5844.001     5973.002     6042.003     6047.004
   130:     6055.005     6102.006     6102.006     6152.000     6152.000
   135:     6523.001     6869.002     6869.002     6919.000     6919.000
   140:     6919.147     6919.148     6919.149     6919.150     6919.151
   145:     6919.152     6919.153     6919.154     6919.154     6919.000
   150:     6919.000     6919.001     6919.002     6919.003     6919.004
   155:     6919.005     6919.006     6919.006     6919.000     6919.000
   160:     7179.001     7186.002     7249.003     7287.004     7343.005
   165:     7350.006     7353.007     7363.008     7374.009     7396.010
   170:     7421.011     7426.012     7431.013     7477.014     7544.015
   175:     7544.015     7594.000     7594.000     7893.001     8469.002
   180:     8469.002     8519.000     8519.000     8966.001     8982.002
   185:     8994.003     9005.004     9025.005     9030.006     9033.007
   190:     9058.008     9126.009     9126.009     9176.000     9176.000
   195:     9380.001     9434.002     9498.003     9510.004     9536.005
   200:     9548.006     9619.007     9631.008     9697.009     9732.010
   205:     9739.011     9745.012     9782.013     9782.013     9832.000
   210:     9832.000    10105.001    10112.002    10128.003    10134.004
   215:    10137.005    10159.006    10167.007    10169.008    10209.009
   220:    10228.010    10260.011    10262.012    10268.013    10284.014
   225:    10288.015    10305.016    10309.017    10370.018    10379.019
   230:    10398.020    10403.021    10409.022    10436.023    10436.023
   235:    10486.000    10486.000    10879.001    10927.002    10957.003
   240:    10984.004    10992.005    11030.006    11035.007    11078.008
   245:    11082.009    11088.010    11088.010    11138.000    11138.000
   250:    11332.001    11499.002    11508.003    11526.004    11528.005
   255:    11573.006    11584.007    11604.008    11645.009    11702.010
   260:    11708.011    11719.012    11759.013    11759.013    11809.000
   265:    11809.000    12182.001    12198.002    12218.003    12256.004
   270:    12263.005    12334.006    12338.007    12341.008    12374.009
   275:    12407.010    12891.011    12891.011    12941.000    12941.000
   280:    13226.002    13414.004    13423.006    13493.008    13507.010
   285:    13518.012    13522.014    13537.016    13551.018    13582.020
   290:    13586.022    13590.024    13598.026    13620.028    13624.030
   295:    13629.032    13636.034    13651.036    13672.038    13685.040
   300:    13688.042    13718.044    13723.046    13727.048    13754.050
   305:    13763.052    13769.054    13777.056    13817.058    13839.060
   310:    13905.062    13934.064    13942.066    13946.068    13955.070
   315:    13960.072    13964.074    14025.076    14124.078    14175.080
   320:    14184.082    14233.084    14419.086    14470.088    14583.090
   325:    14736.092    16770.001    16872.002    16915.003    16996.004
   330:    16996.004    17046.000    17046.000    17262.001    17293.002
   335:    17355.003    17361.004    17365.005    17391.006    17398.007
   340:    17474.008    17513.009    17549.010    17557.011    17560.012
   345:    17572.013    17585.014    17598.015    17633.016    17641.017
   350:    17694.018    17694.018    17744.000    17744.000    17940.001
   355:    18199.002    18218.003    18243.004    18278.005    18301.006
   360:    18342.007    18350.008    18350.008    18400.000    18400.000
   365:    18400.148    18400.150    18400.152    18400.154    18400.156
   370:    18400.158    18400.160    18400.162    18400.164    18400.166
   375:    18400.168    18400.170    18400.172    18400.174    18400.176
   380:    18400.178    18400.180    18400.182    18400.184    18400.186
   385:    18400.188    18400.190    18400.192    18400.194    18400.196
   390:    18400.117    18400.118    18400.119    18400.120
