File: C:\MED-PC\Data\2018-04-30_12h28m_Subject M333.txt




Start Date: 04/30/18
End Date: 04/30/18
Subject: M333
Experiment: DOBLE_PICO_ACO
Group: EXP
Box: 10
Start Time: 12:28:14
End Time: 13:42:06
MSN: IF_ACO_MULTIPLE_PICO
A:     587.000
B:      21.000
D:      22.000
I:       2.000
J:   18000.000
K:    5400.000
M:      28.000
N:      21.000
O:      22.000
P:     635.000
Q:       0.000
T:    1000.000
V:     600.000
W:      21.000
Z:       0.000
C:
     0:        0.120        0.120        0.120        0.120        0.120
     5:        0.120        0.120        0.120        0.120        0.120
    10:        0.120        0.120        0.120        0.120        0.120
    15:        0.120        0.120        0.120        0.120        0.120
    20:        0.120        0.120        0.120        0.120        0.120
    25:        0.120        0.120        0.120        0.120        0.120
    30:        0.120        0.120        0.120        0.120        0.120
    35:        0.120        0.120        0.120        0.120        0.120
    40:        0.120        0.120        0.120        0.120        0.120
    45:        0.120        0.120        0.120        0.120        0.120
    50:        0.120        0.120        0.120        0.120        0.120
    55:        0.120        0.120        0.120        0.120        0.120
    60:        0.120        0.120        0.120        0.120        0.120
    65:        0.120        0.120        0.120        0.120        0.120
    70:        0.120        0.120        0.120        0.120        0.120
    75:        0.120        0.510        9.120       32.120       36.120
    80:       39.120       42.120       48.120       67.120       68.120
    85:       70.120       83.110       86.120       88.120      151.120
    90:      155.110      160.120      163.120      181.120      227.110
    95:      272.110      277.120      286.120      286.120      287.120
   100:      307.110      314.110      317.120      324.120      372.110
   105:      377.120      385.120      391.120      472.110      479.110
   110:      482.110      486.110      490.110      496.110      498.110
   115:      514.110      519.110      536.120      545.120      564.110
   120:      564.210      567.120      607.120      614.310      714.510
   125:     1067.110     1156.110     1159.120     1165.120     1218.110
   130:     1224.110     1227.110     1229.110     1234.110     1239.110
   135:     1241.120     1243.120     1292.110     1292.210     1295.120
   140:     1342.310     1442.500     1612.120     1613.120     1616.120
   145:     1630.120     1632.120     1809.120     1811.120     1813.120
   150:     1816.120     1818.120     1821.120     1823.120     1827.120
   155:     1828.120     1891.120     1892.120     1894.120     1895.120
   160:     1897.120     1945.100     1950.120     1959.120     1966.120
   165:     1981.100     1985.120     1996.120     2038.100     2043.100
   170:     2045.100     2048.100     2049.100     2053.100     2061.100
   175:     2064.100     2066.100     2069.120     2079.120     2084.120
   180:     2086.120     2098.200     2102.120     2148.300     2248.500
   185:     2529.120     2535.120     2539.120     2541.120     2612.120
   190:     2619.100     2624.100     2630.100     2633.100     2636.100
   195:     2641.120     2645.120     2646.120     2648.120     2667.120
   200:     2680.100     2693.100     2700.100     2706.100     2708.100
   205:     2721.100     2728.100     2733.100     2735.100     2738.100
   210:     2740.100     2755.100     2758.100     2762.100     2765.100
   215:     2768.120     2816.100     2822.100     2825.100     2829.100
   220:     2836.100     2841.100     2847.100     2854.100     2858.100
   225:     2867.100     2874.100     2876.200     2880.120     2926.300
   230:     3026.510     3158.120     3359.120     3360.120     3462.110
   235:     3517.110     3547.110     3550.110     3555.110     3557.110
   240:     3599.110     3603.110     3606.110     3613.120     3614.120
   245:     3620.120     3637.110     3640.110     3642.110     3647.110
   250:     3653.120     3686.110     3689.120     3695.120     3720.110
   255:     3720.210     3723.120     3770.310     3775.120     3870.510
   260:     4335.110     4342.120     4344.120     4389.110     4392.110
   265:     4395.110     4399.110     4402.110     4431.110     4437.110
   270:     4443.110     4448.110     4491.110     4496.110     4498.110
   275:     4503.110     4506.110     4512.120     4513.120     4525.120
   280:     4529.120     4535.110     4537.110     4537.210     4541.120
   285:     4587.310     4687.500     4860.120     5105.120     5113.120
   290:     5115.120     5219.100     5224.100     5228.120     5231.120
   295:     5233.120     5264.120     5268.120     5278.100     5284.100
   300:     5298.100     5309.100     5311.100     5313.100     5319.120
   305:     5333.120     5337.120     5338.200     5340.120     5388.300
   310:     5479.120     5488.510     5727.120     5728.120     5735.120
   315:     5739.120     5740.120     5744.120     5940.110     5942.110
   320:     5985.110     5988.110     5991.110     5997.110     6038.110
   325:     6040.110     6044.110     6050.110     6060.110     6064.110
   330:     6069.110     6071.110     6074.110     6082.110     6085.110
   335:     6088.110     6132.110     6145.120     6147.120     6147.120
   340:     6149.120     6150.120     6151.120     6171.110     6171.210
   345:     6174.120     6221.310     6228.120     6321.500     6699.120
   350:     6700.120     6702.120     6709.120     6713.120     6717.120
   355:     6862.100     6868.100     6874.100     6880.100     6884.100
   360:     6892.120     6922.200     6927.120     6972.300     6973.120
   365:     7072.510     7193.120     7200.120     7204.120     7208.120
   370:     7463.120     7485.110     7494.110     7498.110     7535.110
   375:     7538.110     7545.120     7598.110     7602.110     7604.110
   380:     7659.110     7666.110     7672.120     7677.120     7679.120
   385:     7683.120     7687.110     7690.110     7695.120     7727.110
   390:     7730.110     7735.110     7741.120     7762.120     7764.120
   395:     7765.120     7773.110     7773.210     7777.120     7823.310
   400:     7923.510     8054.120     8067.120     8478.110     8483.120
   405:     8489.120     8510.110     8521.120     8522.120     8554.110
   410:     8558.110     8565.120     8570.120     8574.120     8615.110
   415:     8615.210     8618.120     8665.310     8665.120     8765.500
   420:     9235.120     9239.120     9239.120     9241.120     9246.120
   425:     9299.120     9355.100     9364.100     9373.100     9375.100
   430:     9385.100     9390.100     9393.100     9407.100     9410.100
   435:     9414.100     9415.200     9418.120     9465.300     9565.500
   440:     9809.120     9811.120     9953.100     9960.100     9970.100
   445:     9973.100     9977.100     9985.100     9990.120    10004.100
   450:    10011.100    10017.100    10022.100    10025.100    10029.100
   455:    10036.100    10046.100    10051.100    10053.100    10060.120
   460:    10071.100    10076.100    10084.100    10090.100    10104.100
   465:    10109.100    10112.100    10114.100    10120.100    10124.100
   470:    10130.100    10132.100    10136.120    10169.200    10173.120
   475:    10219.300    10319.500    10895.120    10902.120    10903.120
   480:    10931.120    10934.120    10938.120    10941.120    10943.120
   485:    10945.120    11002.120    11013.120    11030.120    11037.120
   490:    11058.120    11068.120    11071.120    11073.120    11075.120
   495:    11075.120    11078.120    11080.120    11105.100    11110.100
   500:    11115.120    11127.120    11128.120    11132.120    11141.120
   505:    11147.120    11149.120    11165.200    11170.120    11215.300
   510:    11218.120    11315.530    11634.120    11637.120    11641.120
   515:    11679.120    11692.120    11703.120    11725.120    11744.100
   520:    11753.120    11800.100    11863.100    11872.100    11874.100
   525:    11879.100    11882.100    11889.100    11893.100    11908.100
   530:    11915.100    11922.100    11925.100    11927.100    11938.100
   535:    11944.100    11948.100    11954.100    11955.100    11959.100
   540:    11964.120    11972.100    11977.100    11985.100    11990.100
   545:    11996.100    12000.100    12009.100    12013.100    12022.120
   550:    12034.120    12035.120    12036.120    12039.120    12059.100
   555:    12066.100    12074.100    12079.100    12187.100    12197.100
   560:    12204.100    12211.100    12234.100    12238.120    12249.120
   565:    12272.120    12288.100    12299.100    12304.100    12308.120
   570:    12324.120    12325.120    12326.120    12330.120    12415.100
   575:    12419.120    12444.120    12446.120    12447.120    12461.120
   580:    12466.120    12622.120    12966.100    12973.100    12978.100
   585:    12982.120    12991.120    12996.120    12996.120    12998.120
   590:    13003.120    13005.120    13013.120    13016.120    13037.100
   595:    13045.100    13047.100    13057.100    13062.100    13074.100
   600:    13085.120    13100.100    13103.100    13110.100    13112.100
   605:    13115.330    13132.120    13155.120    13157.120    13159.120
   610:    13164.120    13172.120    13215.510    13464.110    13470.110
   615:    13472.110    13521.110    13525.110    13551.110    13553.110
   620:    13560.120    13565.120    13569.120    13580.110    13582.110
   625:    13588.110    13649.110    13654.110    13661.110    13668.110
   630:    13671.110    13682.110    13688.110    13695.110    13700.120
   635:    13700.120    13701.120    13740.110    13742.110    13746.110
   640:    13749.110    13848.110    13937.110    13937.210    13941.120
   645:    13987.310    14087.540    14557.110    14598.110    14604.110
   650:    14609.110    14618.120    14649.110    14655.110    14664.120
   655:    14693.110    14698.110    14703.110    14750.110    14756.110
   660:    14762.110    14766.110    14768.110    14772.110    14776.110
   665:    14794.110    14798.110    14802.110    14807.110    14810.110
   670:    14825.110    14831.110    14840.110    14846.110    14850.110
   675:    14869.120    14881.110    14883.110    14887.110    14891.110
   680:    14895.110    14901.110    14903.110    14907.120    14929.110
   685:    14937.110    14940.110    14947.110    14950.110    14959.110
   690:    14961.110    14962.110    14971.110    14975.120    14979.120
   695:    15019.110    15021.110    15027.120    15064.110    15071.120
   700:    15110.110    15178.110    15182.110    15190.120    15301.110
   705:    15312.120    15313.120    15315.120    15529.110    15645.110
   710:    15723.110    15732.110    15737.120    15739.120    15749.120
   715:    15785.110    15790.110    15792.110    15802.120    15868.110
   720:    15877.110    15887.340    15987.500    15995.120    16280.120
   725:    16289.120    16355.100    16361.120    16363.120    16397.100
   730:    16400.120    16414.120    16417.120    16418.120    16426.120
   735:    16440.120    16450.120    16456.120    16465.120    16472.120
   740:    16485.100    16492.100    16499.100    16502.100    16505.100
   745:    16511.100    16516.100    16523.120    16530.120    16540.100
   750:    16547.100    16552.100    16557.100    16560.100    16567.100
   755:    16571.100    16578.100    16584.100    16590.100    16592.100
   760:    16596.100    16600.200    16604.120    16650.300    16750.500
   765:    16893.120    16895.120    16900.120    16983.120    17159.120
   770:    17202.120    17211.120    17366.120    17372.120    17378.120
   775:    17386.120    17390.120    17393.120    17400.120    17403.120
   780:    17405.120    17415.120    17416.120    17418.120    17421.120
   785:    17427.120    17437.120    17449.120    17449.120    17453.120
   790:    17476.100    17488.100    17493.120    17500.120    17510.120
   795:    17512.120    17525.100    17530.100    17536.100    17536.200
   800:    17540.120    17586.300    17686.510    18484.110    18484.210
   805:    18487.120    18534.310    18634.510    18869.120    19059.110
   810:    19087.110    19093.110    19096.110    19099.110    19167.110
   815:    19174.110    19179.110    19194.110    19198.110    19202.110
   820:    19246.110    19252.110    19257.110    19264.110    19269.110
   825:    19285.110    19285.210    19289.120    19335.310    19435.500
   830:    19911.120    20079.100    20086.100    20094.100    20098.100
   835:    20103.120    20115.120    20132.100    20139.100    20139.200
   840:    20144.120    20188.120    20189.300    20289.530    21052.120
   845:    21054.120    21161.120    21167.120    21174.120    21177.120
   850:    21231.120    21254.100    21260.100    21268.100    21273.100
   855:    21278.100    21287.100    21289.100    21290.100    21292.100
   860:    21304.100    21307.100    21310.100    21313.100    21315.100
   865:    21317.100    21321.120    21340.100    21345.100    21359.100
   870:    21369.100    21377.100    21386.100    21397.100    21401.100
   875:    21406.120    21430.100    21437.100    21442.100    21446.100
   880:    21451.100    21457.100    21460.100    21465.100    21468.100
   885:    21472.100    21485.100    21497.100    21501.100    21506.120
   890:    21528.100    21533.100    21536.100    21540.100    21543.100
   895:    21547.100    21550.100    21563.100    21566.100    21572.100
   900:    21576.100    21583.120    21600.120    21600.120    21644.100
   905:    21649.120    21664.100    21673.100    21678.120    21687.120
   910:    21689.120    21689.120    21715.120    21736.120    21740.120
   915:    21743.120    21744.120    21751.120    21797.100    22089.330
   920:    22101.120    22104.120    22107.120    22131.120    22138.120
   925:    22141.120    22149.120    22154.120    22171.120    22176.120
   930:    22189.510    22307.110    22310.120    22327.120    22332.120
   935:    22360.110    22366.120    22368.120    22404.110    22409.110
   940:    22450.110    22503.110    22541.110    22545.110    22549.110
   945:    22553.120    22556.120    22564.120    22590.110    22647.110
   950:    22650.110    22655.110    22660.110    22710.110    22720.110
   955:    22724.110    22730.110    22733.110    22735.110    22783.110
   960:    22788.110    22789.110    22794.110    22808.110    22813.120
   965:    22815.120    22822.120    22841.110    22841.210    22845.120
   970:    22891.310    22991.540    23084.120    23376.110    23442.110
   975:    23452.120    23455.120    23472.110    23479.110    23539.110
   980:    23545.120    23547.120    23548.120    23554.120    23577.110
   985:    23583.110    23588.110    23592.110    23604.110    23607.110
   990:    23613.110    23618.120    23638.110    23641.110    23644.110
   995:    23652.110    23655.110    23676.110    23687.110    23693.110
  1000:    23700.120    23725.110    23733.110    23738.110    23740.110
  1005:    23742.110    23746.110    23769.110    23773.110    23776.110
  1010:    23782.110    23785.110    23790.120    23810.110    23814.110
  1015:    23816.120    23829.120    23840.110    23845.120    23876.110
  1020:    23878.110    23883.110    23888.120    23918.110    23923.110
  1025:    23955.120    23955.120    24020.110    24029.120    24115.110
  1030:    24155.120    24202.110    24233.110    24237.120    24242.120
  1035:    24301.110    24309.110    24317.120    24359.110    24364.120
  1040:    24372.120    24373.120    24408.110    24411.110    24427.120
  1045:    24464.110    24468.120    24476.120    24509.120    24513.120
  1050:    24519.110    24525.120    24528.120    24531.120    24533.120
  1055:    24535.120    24540.120    24544.120    24628.110    24637.120
  1060:    24665.120    24672.120    24674.120    24703.110    24715.120
  1065:    24723.120    24783.110    24786.110    24791.340    24793.120
  1070:    24819.120    24819.120    24821.120    24872.120    24885.120
  1075:    24891.500    24893.120    24897.120    24898.120    24908.120
  1080:    24909.120    24912.120    24917.120    24936.120    24939.120
  1085:    24943.120    24960.120    24962.120    24974.120    24979.120
  1090:    24986.120    24988.120    25004.120    25009.120    25017.120
  1095:    25024.120    25035.120    25135.100    25141.100    25146.100
  1100:    25151.120    25158.120    25161.120    25172.100    25181.100
  1105:    25186.100    25196.100    25200.100    25210.120    25225.120
  1110:    25230.120    25245.100    25252.100    25256.100    25266.100
  1115:    25268.100    25278.100    25280.100    25291.100    25295.100
  1120:    25300.100    25302.100    25305.100    25309.120    25340.100
  1125:    25347.100    25352.100    25356.100    25363.100    25369.100
  1130:    25376.100    25381.100    25385.100    25394.100    25401.120
  1135:    25504.120    25527.100    25534.120    25579.100    25587.200
  1140:    25598.120    25637.300    25737.510    26039.110    26043.120
  1145:    26054.120    26056.120    26057.120    26074.110    26081.120
  1150:    26083.120    26089.120    26092.120    26098.120    26104.110
  1155:    26157.120    26175.110    26178.110    26180.110    26184.110
  1160:    26227.110    26231.110    26237.110    26241.120    26267.110
  1165:    26270.120    26295.110    26300.110    26305.120    26309.120
  1170:    26310.120    26311.120    26334.110    26339.120    26364.110
  1175:    26368.120    26389.120    26407.110    26407.210    26410.120
  1180:    26457.310    26557.500    27053.100    27062.100    27066.100
  1185:    27072.100    27075.100    27080.100    27084.100    27092.120
  1190:    27100.100    27104.100    27108.100    27115.100    27123.100
  1195:    27128.100    27130.120    27140.100    27147.100    27150.100
  1200:    27152.100    27159.100    27160.200    27166.120    27210.300
  1205:    27310.510    27823.110    27828.120    27833.110    27856.110
  1210:    27862.120    27864.120    27887.110    27892.120    27895.120
  1215:    27902.120    27904.120    27911.120    27922.120    27929.110
  1220:    27935.110    27938.110    27940.110    27946.110    27952.110
  1225:    27952.210    27955.120    28002.310    28102.510    28511.110
  1230:    28518.110    28544.110    28548.120    28575.110    28576.110
  1235:    28578.110    28582.110    28585.110    28593.110    28601.110
  1240:    28603.110    28609.110    28612.110    28620.110    28623.110
  1245:    28627.110    28635.110    28645.110    28650.110    28653.110
  1250:    28660.110    28663.110    28664.110    28668.110    28670.110
  1255:    28674.110    28677.120    28696.110    28698.110    28709.110
  1260:    28717.110    28718.110    28727.110    28733.110    28739.110
  1265:    28743.110    28743.210    28779.120    28793.310    28893.510
  1270:    29146.110    29150.120    29160.120    29163.120    29180.110
  1275:    29199.120    29212.120    29216.120    29220.120    29222.120
  1280:    29228.120    29229.120    29230.120    29231.120    29237.120
  1285:    29253.120    29254.120    29256.120    29261.120    29273.120
  1290:    29279.120    29283.120    29287.110    29290.110    29293.110
  1295:    29298.120    29300.120    29301.120    29307.120    29311.120
  1300:    29313.120    29323.120    29325.120    29333.110    29338.110
  1305:    29341.110    29343.120    29346.120    29364.120    29377.110
  1310:    29380.110    29383.110    29387.110    29389.110    29393.110
  1315:    29399.110    29401.110    29421.110    29433.110    29436.110
  1320:    29448.110    29451.110    29457.110    29464.120    29481.120
  1325:    29490.110    29493.110    29497.110    29503.120    29504.120
  1330:    29513.120    29528.110    29530.110    29538.110    29538.210
  1335:    29542.120    29588.310    29688.500    29724.120    29745.120
  1340:    30025.100    30032.100    30034.100    30042.100    30049.100
  1345:    30051.100    30054.100    30059.120    30078.100    30088.100
  1350:    30092.100    30096.100    30098.100    30101.100    30103.100
  1355:    30106.100    30111.100    30116.100    30121.100    30130.100
  1360:    30133.100    30136.100    30139.120    30146.100    30151.100
  1365:    30154.100    30158.100    30164.100    30174.100    30178.100
  1370:    30194.100    30201.100    30210.120    30229.100    30233.120
  1375:    30289.200    30290.100    30294.120    30339.300    30439.500
  1380:    30586.120    30610.120    30629.120    30634.120    30639.120
  1385:    30641.120    30645.120    30650.120    30666.120    30671.120
  1390:    30673.120    30678.120    30680.120    30703.100    30709.120
  1395:    30714.120    30715.120    30720.120    30754.100    30760.100
  1400:    30766.120    30773.120    30775.120    30777.120    30786.120
  1405:    30802.120    30808.100    30816.100    30817.100    30823.100
  1410:    30825.100    30829.100    30863.120    30871.100    30877.120
  1415:    30888.100    30904.100    30909.120    30912.120    30914.120
  1420:    30914.120    30916.120    30958.100    30969.100    30976.120
  1425:    30988.120    31040.100    31047.100    31053.100    31065.100
  1430:    31071.100    31076.120    31091.120    31093.120    31094.120
  1435:    31100.200    31101.100    31104.120    31150.300    31250.510
  1440:    31528.110    31547.110    31556.120    31593.110    31599.110
  1445:    31627.110    31630.120    31634.120    31637.120    31641.120
  1450:    31657.120    31660.120    31666.110    31670.110    31673.110
  1455:    31675.110    31681.110    31707.110    31711.120    31717.120
  1460:    31735.110    31738.110    31742.110    31750.120    31761.120
  1465:    31762.120    31767.120    31781.110    31783.110    31787.110
  1470:    31805.110    31808.110    31811.110    31814.110    31818.120
  1475:    31835.120    31836.120    31840.110    31843.110    31846.110
  1480:    31850.110    31854.110    31856.120    31859.120    31877.120
  1485:    31883.110    31886.110    31891.110    31891.210    31895.120
  1490:    31941.310    31944.120    32041.510    32450.110    32468.110
  1495:    32472.120    32480.120    32489.120    32506.110    32510.110
  1500:    32513.110    32516.120    32541.110    32544.110    32545.110
  1505:    32548.110    32551.110    32556.110    32561.120    32581.110
  1510:    32585.110    32589.110    32593.110    32595.110    32601.110
  1515:    32612.110    32627.110    32632.110    32634.110    32637.110
  1520:    32642.120    32662.110    32667.120    32690.110    32690.210
  1525:    32694.120    32740.310    32744.120    32840.500    33236.100
  1530:    33243.100    33256.100    33261.100    33268.100    33271.100
  1535:    33279.100    33282.100    33286.100    33292.100    33301.100
  1540:    33305.120    33317.100    33327.100    33333.100    33336.100
  1545:    33341.100    33346.100    33352.100    33358.100    33371.100
  1550:    33384.100    33387.100    33390.100    33394.100    33405.100
  1555:    33415.100    33423.100    33426.100    33429.100    33434.100
  1560:    33436.100    33444.200    33451.120    33493.120    33494.300
  1565:    33594.500    34027.120    34032.120    34033.120    34035.120
  1570:    34036.120    34038.120    34051.120    34052.120    34054.120
  1575:    34056.120    34061.120    34066.120    34094.100    34103.100
  1580:    34111.100    34116.100    34123.100    34126.100    34135.100
  1585:    34142.120    34154.100    34164.100    34168.100    34174.100
  1590:    34177.100    34181.100    34190.100    34194.100    34195.200
  1595:    34199.120    34245.300    34251.120    34345.500    34612.120
  1600:    34621.120    34621.120    34625.120    34643.100    34661.120
  1605:    34664.120    34667.120    34678.100    34684.100    34690.100
  1610:    34788.100    34793.100    34801.100    34812.100    34826.120
  1615:    34837.100    34843.100    34852.100    34862.100    34865.100
  1620:    34867.100    34870.100    34875.100    34883.100    34892.100
  1625:    34898.100    34902.120    34924.100    34931.100    34937.100
  1630:    34941.100    34951.100    34952.200    34956.120    35002.300
  1635:    35102.510    35368.120    35371.120    35379.110    35384.120
  1640:    35436.110    35457.120    35459.120    35462.120    35469.120
  1645:    35534.110    35544.120    35565.110    35570.120    35574.120
  1650:    35606.110    35608.110    35612.120    35643.110    35645.110
  1655:    35650.110    35652.110    35657.110    35697.110    35702.110
  1660:    35704.110    35707.110    35711.110    35715.120    35716.120
  1665:    35737.110    35740.110    35747.110    35747.210    35752.120
  1670:    35797.310    35897.510    36164.120    36250.110    36293.120
  1675:    36316.120    36325.120    36330.120    36342.110    36385.110
  1680:    36390.110    36394.120    36398.120    36400.120    36404.120
  1685:    36406.120    36409.120    36419.110    36422.110    36427.110
  1690:    36431.110    36435.110    36437.120    36457.110    36481.110
  1695:    36482.110    36487.110    36493.120    36503.110    36507.110
  1700:    36510.110    36513.110    36523.110    36525.110    36529.110
  1705:    36533.110    36537.120    36556.110    36556.210    36559.120
  1710:    36606.310    36706.500    36770.120    36776.120    36777.120
  1715:    36778.120    36788.120    36792.120    36860.100    36892.120
  1720:    36893.120    36936.120    37016.100    37021.100    37089.120
  1725:    37097.100    37101.120    37130.100    37138.100    37143.100
  1730:    37147.100    37150.100    37154.100    37157.100    37164.120
  1735:    37171.120    37177.120    37197.100    37207.100    37212.100
  1740:    37216.100    37227.120    37232.100    37240.100    37246.100
  1745:    37252.100    37258.100    37260.100    37265.100    37269.100
  1750:    37271.100    37273.100    37278.100    37283.100    37288.100
  1755:    37294.100    37301.100    37305.100    37308.100    37309.100
  1760:    37312.200    37317.120    37362.300    37462.510    37836.110
  1765:    37856.110    37859.120    37869.120    37870.120    37871.120
  1770:    37881.110    37884.110    37888.120    37900.120    37903.120
  1775:    37908.120    37916.110    37921.120    37940.110    37945.120
  1780:    37969.110    37972.110    37990.120    38000.110    38004.120
  1785:    38014.120    38033.110    38035.110    38040.110    38043.110
  1790:    38047.110    38051.110    38063.110    38070.110    38074.120
  1795:    38100.110    38100.210    38103.120    38150.310    38250.500
  1800:    38543.120    38682.120    38688.100    38692.120    38711.100
  1805:    38722.120    38739.120    38763.100    38770.100    38773.100
  1810:    38776.100    38783.100    38791.120    38821.100    38828.100
  1815:    38835.100    38839.100    38842.100    38853.100    38858.100
  1820:    38866.100    38868.120    38873.100    38881.200    38882.100
  1825:    38887.120    38931.300    38931.120    39031.510    39451.110
  1830:    39455.120    39466.110    39469.120    39474.120    39475.120
  1835:    39551.110    39555.110    39558.120    39577.110    39584.110
  1840:    39587.110    39590.110    39593.120    39610.110    39614.110
  1845:    39659.110    39660.110    39664.110    39667.110    39670.110
  1850:    39670.210    39674.120    39720.310    39820.500    39840.120
  1855:    39964.120    40149.120    40290.120    40291.120    40293.120
  1860:    40295.120    40313.100    40319.120    40343.100    40361.100
  1865:    40369.100    40375.100    40381.120    40400.100    40405.100
  1870:    40418.100    40421.100    40421.200    40424.100    40426.120
  1875:    40471.300    40477.120    40571.500    40845.120    40874.120
  1880:    40876.120    40878.120    40883.120    40885.120    40888.120
  1885:    40897.120    40908.120    40911.120    40912.120    40914.120
  1890:    40920.120    40951.100    40956.120    40973.120    40984.120
  1895:    40986.120    41010.100    41019.100    41025.100    41028.100
  1900:    41038.100    41044.100    41046.100    41050.120    41084.100
  1905:    41089.100    41090.100    41093.100    41104.100    41108.100
  1910:    41110.100    41117.100    41121.100    41124.100    41177.200
  1915:    41182.120    41227.300    41231.120    41304.120    41327.510
  1920:    41327.120    41331.120    41396.120    41416.120    41419.120
  1925:    41445.120    41446.120    41448.120    41450.120    41451.120
  1930:    41478.110    41482.120    41483.120    41495.120    41531.110
  1935:    41533.120    41553.120    41558.120    41565.120    41581.120
  1940:    41582.120    41590.120    41610.120    41625.120    41648.110
  1945:    41652.120    41657.120    41680.120    41696.110    41702.120
  1950:    41731.110    41734.110    41736.110    41740.110    41743.110
  1955:    41792.110    41797.110    41801.110    41806.120    41808.120
  1960:    41836.110    41839.110    41841.110    41848.110    41850.110
  1965:    41855.110    41857.110    41869.110    41876.120    41893.110
  1970:    41901.120    41934.110    41937.110    41940.110    41946.110
  1975:    41948.110    41952.110    41956.120    41959.120    41972.110
  1980:    41972.210    41975.120
E:
     0:     1982.000      545.000      588.000
F:
     0:       70.000       39.780       23.522
G:
     0:        1.000        1.000        1.000        1.000        1.000
     5:        1.000        1.000        1.000        1.000        0.000
H:
     0:        1.000        1.000        2.000        2.000
L:
     0:     6658.000     6380.000     6602.000     6111.000     6606.000
     5:     6134.000     8563.000     6228.000     7959.000     7147.000
    10:     7055.000     6137.000     6111.000     6708.000     6139.000
    15:     6105.000     6170.000     6163.000     6406.000     6107.000
    20:     6158.000
R:
     0:        1.000        1.000        1.000        1.000        1.000
     5:        1.000        1.000        1.000        1.000        0.000
S:
     0:        1.000        1.000
U:
     0:     6380.000        1.000        0.000
X:
     0:        0.000      502.001      539.002      595.003      601.004
     5:      603.005      605.006      606.007      610.008      619.009
    10:      621.010      624.011      655.011      705.000      705.000
    15:     1075.001     1081.002     1087.003     1089.004     1093.005
    20:     1137.006     1150.007     1156.008     1162.009     1165.010
    25:     1178.011     1184.012     1190.013     1192.014     1195.015
    30:     1197.016     1212.017     1214.018     1218.019     1222.020
    35:     1272.021     1279.022     1282.023     1285.024     1292.025
    40:     1298.026     1304.027     1311.028     1315.029     1324.030
    45:     1331.031     1333.031     1383.000     1383.000     1914.001
    50:     1919.002     1973.003     1980.004     1993.005     2004.006
    55:     2006.007     2009.008     2033.008     2083.000     2083.000
    60:     2624.001     2629.002     2635.003     2642.004     2646.005
    65:     2684.005     2734.000     2734.000     3324.001     3333.002
    70:     3341.003     3344.004     3354.005     3358.006     3361.007
    75:     3375.008     3379.009     3383.010     3384.010     3434.000
    80:     3434.000     3821.001     3828.002     3838.003     3841.004
    85:     3845.005     3853.006     3872.007     3879.008     3885.009
    90:     3890.010     3893.011     3897.012     3904.013     3914.014
    95:     3919.015     3921.016     3939.017     3944.018     3952.019
   100:     3958.020     3972.021     3977.022     3980.023     3982.024
   105:     3988.025     3992.026     3998.027     4000.028     4037.028
   110:     4087.000     4087.000     4873.001     4878.002     4933.002
   115:     4983.000     4983.000     5411.002     5468.004     5530.006
   120:     5539.008     5541.010     5546.012     5550.014     5556.016
   125:     5560.018     5575.020     5582.022     5589.024     5593.026
   130:     5595.028     5606.030     5611.032     5616.034     5621.036
   135:     5623.038     5627.040     5639.042     5645.044     5653.046
   140:     5658.048     5663.050     5667.052     5676.054     5681.056
   145:     5727.058     5734.060     5741.062     5747.064     5855.066
   150:     5864.068     5871.070     5878.072     5901.074     5956.076
   155:     5966.078     5972.080     6082.082     6633.084     6640.086
   160:     6645.088     6704.090     6712.092     6714.094     6724.096
   165:     6729.098     6741.100     6767.102     6771.104     6777.106
   170:     6779.108    10023.117    10064.118    10153.119    10159.120
   175:    10166.121    10170.122    10172.123    10179.124    10183.125
   180:    10207.126    10214.127    10220.128    10225.129    10228.130
   185:    10234.131    10239.132    10246.133    10251.134    10257.135
   190:    10259.136    10264.137    10267.137    10317.000    10317.000
   195:    11042.001    11055.002    11092.003    11097.004    11102.005
   200:    11102.005    11152.000    11152.000    11796.001    11803.002
   205:    11811.003    11814.004    11849.005    11856.006    11856.006
   210:    11906.000    11906.000    12870.002    12876.004    12884.006
   215:    12889.008    12894.010    12903.012    12905.014    12906.016
   220:    12908.018    12920.020    12923.022    12926.024    12929.026
   225:    12931.028    12933.030    12956.032    12961.034    12975.036
   230:    12986.038    12993.040    13002.042    13013.044    13017.046
   235:    13046.048    13054.050    13058.052    13062.054    13067.056
   240:    13073.058    13076.060    13081.062    13084.064    13088.066
   245:    13102.068    13113.070    13117.072    13144.074    13150.076
   250:    13152.078    13156.080    13159.082    13163.084    13167.086
   255:    13179.088    13182.090    13188.092    13192.094    13260.096
   260:    13281.098    13289.100    13413.102    16751.109    16758.110
   265:    16762.111    16788.112    16797.113    16802.114    16812.115
   270:    16817.116    16861.117    16868.118    16872.119    16882.120
   275:    16885.121    16894.122    16897.123    16907.124    16911.125
   280:    16916.126    16919.127    16921.128    16956.129    16963.130
   285:    16968.131    16972.132    16979.133    16985.134    16992.135
   290:    16997.136    17001.137    17010.138    17143.139    17195.140
   295:    17203.140    17253.000    17253.000    17748.001    17758.002
   300:    17762.003    17768.004    17771.005    17776.006    17780.007
   305:    17796.008    17800.009    17804.010    17811.011    17819.012
   310:    17824.013    17836.014    17842.015    17846.016    17848.017
   315:    17855.018    17856.018    17906.000    17906.000    18242.001
   320:    18249.002    18252.003    18260.004    18266.005    18268.006
   325:    18271.007    18295.008    18305.009    18310.010    18313.011
   330:    18315.012    18318.013    18321.014    18324.015    18328.016
   335:    18333.017    18339.018    18347.019    18350.020    18353.021
   340:    18363.022    18368.023    18372.024    18376.025    18381.026
   345:    18391.027    18395.028    18412.029    18418.030    18447.031
   350:    18507.031    18508.032    18557.000    18557.000    18820.001
   355:    18871.002    18878.003    18925.004    18933.005    18934.006
   360:    18940.007    18942.008    18946.009    18988.010    19005.011
   365:    19021.012    19076.013    19086.014    19157.015    19164.016
   370:    19170.017    19182.018    19188.019    19217.019    19218.020
   375:    19267.000    19267.000    19663.001    19670.002    19682.003
   380:    19687.004    19694.005    19698.006    19705.007    19708.008
   385:    19713.009    19718.010    19727.011    19743.012    19753.013
   390:    19760.014    19762.015    19767.016    19773.017    19779.018
   395:    19785.019    19798.020    19810.021    19813.022    19816.023
   400:    19821.024    19831.025    19841.026    19849.027    19852.028
   405:    19855.029    19860.030    19862.031    19870.031    19920.000
   410:    19920.000    20419.001    20428.002    20436.003    20442.004
   415:    20448.005    20451.006    20460.007    20480.008    20490.009
   420:    20493.010    20499.011    20503.012    20507.013    20515.014
   425:    20520.015    20520.015    20570.000    20570.000    20868.001
   430:    20903.002    20909.003    20914.004    21013.005    21018.006
   435:    21026.007    21037.008    21061.009    21068.010    21077.011
   440:    21087.012    21090.013    21092.014    21095.015    21100.016
   445:    21107.017    21116.018    21123.019    21149.020    21156.021
   450:    21162.022    21166.023    21176.024    21177.024    21227.000
   455:    21227.000    21380.001    21536.002    21542.003    21618.004
   460:    21651.005    21658.006    21664.007    21668.008    21670.009
   465:    21674.010    21677.011    21718.012    21728.013    21732.014
   470:    21736.015    21752.016    21760.017    21766.018    21773.019
   475:    21779.020    21780.021    21785.022    21789.023    21792.024
   480:    21794.025    21798.026    21803.027    21809.028    21815.029
   485:    21822.030    21825.031    21828.032    21830.033    21833.033
   490:    21883.000    21883.000    22320.001    22343.002    22395.003
   495:    22402.004    22405.005    22408.006    22415.007    22453.008
   500:    22460.009    22467.010    22471.011    22474.012    22485.013
   505:    22490.014    22498.015    22505.016    22513.016    22514.017
   510:    22563.000    22563.000    23055.001    23085.002    23103.003
   515:    23111.004    23117.005    23142.006    23147.007    23160.008
   520:    23163.009    23163.009    23166.010    23213.000    23213.000
   525:    23592.001    23652.002    23660.003    23667.004    23669.005
   530:    23680.006    23685.007    23688.008    23725.009    23730.010
   535:    23731.011    23734.012    23745.013    23749.014    23752.015
   540:    23758.016    23763.017    23765.018    23818.018    23868.000
Y:
     0:        0.000       83.001      155.002      227.003      272.004
     5:      307.005      314.006      372.007      472.008      479.009
    10:      482.010      486.011      490.012      496.013      498.014
    15:      514.015      519.016      564.017      564.017      614.000
    20:      614.000      966.001     1056.002     1117.003     1123.004
    25:     1126.005     1128.006     1133.007     1139.008     1191.009
    30:     1191.009     1241.000     1241.000     1677.001     1732.002
    35:     1762.003     1765.004     1769.005     1772.006     1814.007
    40:     1818.008     1821.009     1852.010     1855.011     1857.012
    45:     1862.013     1901.014     1935.015     1935.015     1985.000
    50:     1985.000     2450.001     2504.002     2506.003     2510.004
    55:     2514.005     2517.006     2546.007     2551.008     2557.009
    60:     2563.010     2606.011     2611.012     2613.013     2618.014
    65:     2621.015     2649.016     2652.017     2652.017     2702.000
    70:     2702.000     3154.001     3156.002     3199.003     3202.004
    75:     3204.005     3211.006     3252.007     3254.008     3257.009
    80:     3264.010     3274.011     3278.012     3283.013     3285.014
    85:     3288.015     3296.016     3299.017     3302.018     3346.019
    90:     3385.020     3385.020     3435.000     3435.000     3847.001
    95:     3856.002     3860.003     3898.004     3900.005     3960.006
   100:     3964.007     3967.008     4021.009     4028.010     4049.011
   105:     4052.012     4090.013     4093.014     4097.015     4136.016
   110:     4136.016     4186.000     4186.000     4740.001     4772.002
   115:     4816.003     4820.004     4877.005     4877.005     4927.000
   120:     4927.000     4927.109     4927.110     4927.111     4927.112
   125:     4927.113     4927.114     4927.115     4927.116     4927.117
   130:     4927.118     4927.119     4927.120     4927.121     4927.122
   135:     4927.123     4927.124     4927.125     4927.126     4927.127
   140:     4927.128     4927.129     4927.130     4927.131     4927.132
   145:     4927.132     4927.000     4927.000     4927.002     4927.004
   150:     4927.006     4927.008     4927.010     4927.012     4927.014
   155:     4927.016     4927.018     4927.020     4927.022     4927.024
   160:     4927.026     4927.028     4927.030     4927.032     4927.034
   165:     4927.036     4927.038     4927.040     4927.042     4927.044
   170:     4927.046     4927.048     4927.050     4927.052     4927.054
   175:     4927.056     4927.058     4927.060     4927.062     4927.064
   180:     4927.066     4927.068     4927.070     4927.072     4927.074
   185:     4927.076     4927.078     4927.080     4927.082     4927.084
   190:     4927.086     4927.088     4927.090     4927.092     4927.094
   195:     4927.096     4927.098     4927.100     4927.102     4927.104
   200:     4927.106     4927.108     4927.110     4927.112     4927.114
   205:     4927.116     5725.001     5725.001     5775.000     5775.000
   210:     6199.001     6227.002     6233.003     6236.004     6239.005
   215:     6307.006     6314.007     6319.008     6334.009     6338.010
   220:     6342.011     6386.012     6392.013     6397.014     6404.015
   225:     6409.016     6425.017     6425.017     6475.000     6475.000
   230:     6475.103     6475.104     6475.105     6475.106     6475.107
   235:     6475.108     6475.109     6475.110     6475.111     6475.112
   240:     6475.113     6475.114     6475.115     6475.116     6475.117
   245:     6475.118     6475.119     6475.120     6475.121     6475.122
   250:     6475.123     6475.124     6475.125     6475.126     6475.127
   255:     6475.128     6475.128     6475.000     6475.000     6475.002
   260:     6475.004     6475.006     6475.008     6475.010     6475.012
   265:     6475.014     6475.016     6475.018     6475.020     6475.022
   270:     6475.024     6475.026     6475.028     6475.030     6475.032
   275:     6475.034     6475.036     6475.038     6475.040     6475.042
   280:     6475.044     6475.046     6475.048     6475.050     6475.052
   285:     6475.054     6475.056     6475.058     6475.060     6475.062
   290:     6475.064     6475.066     6475.068     6475.070     6475.072
   295:     6475.074     6475.076     6475.078     6475.080     6475.082
   300:     6475.084     6475.086     6475.088     6475.090     6475.092
   305:     6475.094     6475.096     6475.098     6475.100     6475.102
   310:     6475.104     6475.106     6475.108     6777.001     6811.002
   315:     6842.003     6912.004     6916.005     6917.006     6922.007
   320:     6965.008     6969.009     6974.010     7005.011     7033.012
   325:     7037.013     7072.014     7102.015     7144.016     7144.016
   330:     7194.000     7194.000     7706.001     7717.002     7739.003
   335:     7770.004     7812.005     7818.006     7821.007     7824.008
   340:     7829.009     7836.010     7836.010     7886.000     7886.000
   345:     8294.001     8301.002     8327.003     8358.004     8359.005
   350:     8361.006     8365.007     8368.008     8376.009     8384.010
   355:     8386.011     8392.012     8395.013     8403.014     8406.015
   360:     8410.016     8418.017     8429.018     8433.019     8436.020
   365:     8443.021     8446.022     8447.023     8452.024     8453.025
   370:     8457.026     8479.027     8481.028     8493.029     8500.030
   375:     8501.031     8510.032     8516.033     8522.034     8526.035
   380:     8526.035     8576.000     8576.000     8829.001     8863.002
   385:     8969.003     8973.004     8976.005     9016.006     9021.007
   390:     9024.008     9060.009     9063.010     9066.011     9070.012
   395:     9072.013     9076.014     9082.015     9084.016     9104.017
   400:     9116.018     9119.019     9131.020     9134.021     9140.022
   405:     9173.023     9175.024     9180.025     9211.026     9213.027
   410:     9221.028     9221.028     9271.000     9271.000     9548.001
   415:     9568.002     9613.003     9619.004     9647.005     9686.006
   420:     9691.007     9693.008     9695.009     9701.010     9728.011
   425:     9755.012     9758.013     9762.014     9801.015     9804.016
   430:     9807.017     9825.018     9829.019     9831.020     9835.021
   435:     9861.022     9863.023     9866.024     9871.025     9874.026
   440:     9904.027     9906.028     9911.029     9911.029     9961.000
   445:     9961.000    10370.001    10387.002    10426.003    10429.004
   450:    10432.005    10461.006    10463.007    10465.008    10468.009
   455:    10471.010    10476.011    10501.012    10504.013    10509.014
   460:    10513.015    10515.016    10521.017    10532.018    10546.019
   465:    10551.020    10554.021    10557.022    10582.023    10610.024
   470:    10610.024    10660.000    10660.000    10937.001    10994.002
   475:    11092.003    11122.004    11164.005    11166.006    11201.007
   480:    11203.008    11208.009    11210.010    11215.011    11255.012
   485:    11259.013    11262.014    11265.015    11268.016    11295.017
   490:    11298.018    11305.019    11305.019    11355.000    11355.000
   495:    11708.001    11800.002    11843.003    11847.004    11877.005
   500:    11880.006    11885.007    11889.008    11893.009    11915.010
   505:    11939.011    11939.012    11944.013    11961.014    11965.015
   510:    11968.016    11970.017    11980.018    11983.019    11987.020
   515:    11990.021    12014.022    12014.022    12064.000    12064.000
   520:    12438.001    12457.002    12483.003    12485.004    12517.005
   525:    12541.006    12570.007    12574.008    12601.009    12634.010
   530:    12636.011    12641.012    12644.013    12648.014    12652.015
   535:    12664.016    12671.017    12702.018    12702.018    12752.000
   540:    12752.000    13171.001    13186.002    13272.003    13275.004
   545:    13297.005    13304.006    13307.007    13310.008    13331.009
   550:    13334.010    13379.011    13381.012    13384.013    13387.014
   555:    13391.015    13391.015    13441.000    13441.000    13591.001
   560:    13644.002    13762.003    13809.004    13844.005    13847.006
   565:    13849.007    13853.008    13857.009    13905.010    13911.011
   570:    13914.012    13950.013    13953.014    13954.015    13961.016
   575:    13963.017    13968.018    13971.019    13983.020    14006.021
   580:    14047.022    14050.023    14054.024    14059.025    14062.026
   585:    14065.027    14085.028    14085.028
